          000          
       000477000       
     0054483346300     
    014511145171350    
   04949675558766850   
  0372983567391875850  
  0147842927118227630  
 072185531131334286130 
 042672524225432817730 
 041651119143443198270 
04352322324253511355370
02715113153324237754270
02522612446341212651880
 043751934452941957480 
 041678343413123236240 
 073261539232157589540 
  0167348111212289410  
  0254787561357872930  
   06564672522634740   
    023123332132110    
     0074457344700     
       000334000       
          000          
